A R N D C Q E G H I L K M F P S T W Y V
A 0.0214975733783476 0.00234702242747213 0.00194932352588763 0.0021674844853067 0.00159033514230269 0.00192426578987166 0.00298790592927999 0.00581585263880512 0.00110765846575592 0.00318806447463347 0.00441862454684717 0.00334665719420211 0.00134121076173555 0.00163606278639991 0.00215689597849433 0.00625249874198157 0.00371805069756727 0.000402816791089366 0.00129999566756266 0.00506790564445094
R 0.00234702242747213 0.0177574651183863 0.00197860271285919 0.00158654800811627 0.000393659847893762 0.00248586110897314 0.00269338675487718 0.00172211409037049 0.00124073822294407 0.00124358782764969 0.00241939526332487 0.00623390602894069 0.000803094617125211 0.000931819863237896 0.000957830343327191 0.00226608986360372 0.00178027965341806 0.000265719793125816 0.000926346071112515 0.00158101852452641
N 0.00194932352588763 0.00197860271285919 0.0141402919725537 0.0037201973506002 0.000438454660680663 0.00153044369726106 0.00220971568297389 0.00285918718156129 0.00143010726161831 0.000994372211669235 0.00136909584239747 0.0024402105140841 0.000529436330692268 0.000750042279781929 0.000860164598577706 0.00314660191448146 0.00223607953754445 0.000161595456715976 0.000700484227940248 0.00120140155287728
D 0.0021674844853067 0.00158654800811627 0.0037201973506002 0.0212745746174802 0.000399092271416974 0.00164812467234335 0.00491580174719302 0.00252211021266364 0.000953848494021444 0.00123474049424299 0.00152020517914533 0.00244530877219805 0.000464292293205145 0.000760237224131116 0.00123733154135247 0.00280351279016973 0.00189615127769904 0.000162180201836627 0.000598422639378538 0.00131583656605383
C 0.00159033514230269 0.000393659847893762 0.000438454660680663 0.000399092271416974 0.0119313522777043 0.000309372040459135 0.000383387750431866 0.000769519760300991 0.000229763874810747 0.00109565901317817 0.00156829821571538 0.000501249293790336 0.000377171656340977 0.000513899915470568 0.000361117958491549 0.00104326265868319 0.000930413137269395 0.00014474923964368 0.000346037726245805 0.00136066072711461
Q 0.00192426578987166 0.00248586110897314 0.00153044369726106 0.00164812467234335 0.000309372040459135 0.00732922554671896 0.0035385780499966 0.00136830380391601 0.00104890268287417 0.000891029360265715 0.00161744114563118 0.00309682297157072 0.000739932587227014 0.000542551479721438 0.000846681817520671 0.00189311253000362 0.00137968382849219 0.000227379313667286 0.000675841553124575 0.00116609661177752
E 0.00298790592927999 0.00269338675487718 0.00220971568297389 0.00491580174719302 0.000383387750431866 0.0035385780499966 0.0161339274721638 0.00193809524887131 0.00136678854521895 0.00121920617064317 0.00200303160266485 0.00413226037203052 0.000679097454675152 0.000851794058675133 0.00142162071270186 0.00295391806536001 0.00204930632576451 0.000264885525871837 0.000870441862567887 0.00169877635262627
G 0.00581585263880512 0.00172211409037049 0.00285918718156129 0.00252211021266364 0.000769519760300991 0.00136830380391601 0.00193809524887131 0.0378043464534132 0.000958136072558872 0.00138491185461569 0.00208647160563926 0.00253925377418108 0.000732815597496523 0.00119767086957235 0.00136411718837135 0.00383428309016646 0.00218584599409871 0.000407408290838049 0.000834674130181057 0.00182182359502336
H 0.00110765846575592 0.00124073822294407 0.00143010726161831 0.000953848494021444 0.000229763874810747 0.00104890268287417 0.00136678854521895 0.000958136072558872 0.00928025023693369 0.000580896270830194 0.00098696608463236 0.00118736258422589 0.000382646396209104 0.000810410763355656 0.000477701358619147 0.00110520346351931 0.000743717460730778 0.000151680377574111 0.00152137711117554 0.000648829077657979
I 0.00318806447463347 0.00124358782764969 0.000994372211669235 0.00123474049424299 0.00109565901317817 0.000891029360265715 0.00121920617064317 0.00138491185461569 0.000580896270830194 0.0184415265887401 0.0113824706277966 0.0015655862274689 0.00250812909884821 0.00304588686575593 0.00100681646859442 0.00172250816891715 0.00269536226133152 0.000361837611660726 0.00138211218444921 0.0119726638376627
L 0.00441862454684717 0.00241939526332487 0.00136909584239747 0.00152020517914533 0.00156829821571538 0.00161744114563118 0.00200303160266485 0.00208647160563926 0.00098696608463236 0.0113824706277966 0.0371414601563508 0.00246343450232279 0.00492935455151831 0.0054151301166464 0.0014146090399382 0.00242771070720138 0.00332380313087071 0.000732066406178323 0.00220967346928365 0.00947862630304574
K 0.00334665719420211 0.00623390602894069 0.0024402105140841 0.00244530877219805 0.000501249293790336 0.00309682297157072 0.00413226037203052 0.00253925377418108 0.00118736258422589 0.0015655862274689 0.00246343450232279 0.0161133855905445 0.000908766333955576 0.000948751497736847 0.00157730209125643 0.0031016069999481 0.00234670148040849 0.000271985000035552 0.000999088665868756 0.00193604240830997
M 0.00134121076173555 0.000803094617125211 0.000529436330692268 0.000464292293205145 0.000377171656340977 0.000739932587227014 0.000679097454675152 0.000732815597496523 0.000382646396209104 0.00250812909884821 0.00492935455151831 0.000908766333955576 0.00404773093219701 0.00119017704635536 0.000408244452134572 0.00085603787638553 0.00100954519076796 0.000198725372231312 0.000571452883528313 0.00231233614701409
F 0.00163606278639991 0.000931819863237896 0.000750042279781929 0.000760237224131116 0.000513899915470568 0.000542551479721438 0.000851794058675133 0.00119767086957235 0.000810410763355656 0.00304588686575593 0.0054151301166464 0.000948751497736847 0.00119017704635536 0.0182776840154318 0.000525280217567839 0.00119396181859016 0.00116241843697506 0.000849174689523769 0.0042392005745634 0.00257630522279201
P 0.00215689597849433 0.000957830343327191 0.000860164598577706 0.00123733154135247 0.000361117958491549 0.000846681817520671 0.00142162071270186 0.00136411718837135 0.000477701358619147 0.00100681646859442 0.0014146090399382 0.00157730209125643 0.000408244452134572 0.000525280217567839 0.0190660336791326 0.00166625679348831 0.00135110056657289 0.000141522098218744 0.000452243911252859 0.00124513250469319
S 0.00625249874198157 0.00226608986360372 0.00314660191448146 0.00280351279016973 0.00104326265868319 0.00189311253000362 0.00295391806536001 0.00383428309016646 0.00110520346351931 0.00172250816891715 0.00242771070720138 0.0031016069999481 0.00085603787638553 0.00119396181859016 0.00166625679348831 0.0125859470971598 0.00470048576868355 0.000287317291764875 0.00102998463105991 0.00235872920532656
T 0.00371805069756727 0.00178027965341806 0.00223607953754445 0.00189615127769904 0.000930413137269395 0.00137968382849219 0.00204930632576451 0.00218584599409871 0.000743717460730778 0.00269536226133152 0.00332380313087071 0.00234670148040849 0.00100954519076796 0.00116241843697506 0.00135110056657289 0.00470048576868355 0.012514818886618 0.000285757708584672 0.000941610398956127 0.00364023280793385
W 0.000402816791089366 0.000265719793125816 0.000161595456715976 0.000162180201836627 0.00014474923964368 0.000227379313667286 0.000264885525871837 0.000407408290838049 0.000151680377574111 0.000361837611660726 0.000732066406178323 0.000271985000035552 0.000198725372231312 0.000849174689523769 0.000141522098218744 0.000287317291764875 0.000285757708584672 0.0064699301717154 0.000887441602592718 0.000355783187103174
Y 0.00129999566756266 0.000926346071112515 0.000700484227940248 0.000598422639378538 0.000346037726245805 0.000675841553124575 0.000870441862567887 0.000834674130181057 0.00152137711117554 0.00138211218444921 0.00220967346928365 0.000999088665868756 0.000571452883528313 0.0042392005745634 0.000452243911252859 0.00102998463105991 0.000941610398956127 0.000887441602592718 0.0102461002138223 0.00154898278909229
V 0.00506790564445094 0.00158101852452641 0.00120140155287728 0.00131583656605383 0.00136066072711461 0.00116609661177752 0.00169877635262627 0.00182182359502336 0.000648829077657979 0.0119726638376627 0.00947862630304574 0.00193604240830997 0.00231233614701409 0.00257630522279201 0.00124513250469319 0.00235872920532656 0.00364023280793385 0.000355783187103174 0.00154898278909229 0.0196319151405377
